1000
2223
2979
1534
1772
263
836
4242
822
3553
2863
4411
2209
2956
4950
4129
220
1565
2400
4957
3980
913
3209
4140
3480
3345
1775
1657
2088
2264
4113
3197
4484
3406
1861
180
68
1535
2025
4349
2262
4013
4159
210
2649
1360
1716
1349
4267
4939
2398
4243
2393
1293
1604
3293
2968
3588
4645
2818
2730
4292
3816
2399
461
2521
2483
4403
1434
4909
1082
3523
4935
3036
2264
2104
4489
1672
1617
2967
416
1605
2181
2829
698
4651
2225
986
405
1719
4092
2159
690
4951
2661
1318
1287
2224
4457
4286
1668
4705
322
4814
2519
128
1688
4082
798
4959
1596
3350
4265
463
4213
4160
4999
4755
15
4524
3830
4217
3299
3692
3468
3413
1084
2988
2218
3607
1570
1716
4583
4864
4800
1644
2647
1079
3050
2928
1544
4150
863
3401
1901
1500
4148
3710
2971
1791
4617
122
725
2115
2091
4194
3841
617
2563
1216
3844
1315
4919
2777
653
2923
605
3311
4339
1883
2635
1891
4789
3953
3943
1186
2433
4485
1681
492
4657
4837
2624
3798
2993
2177
2638
270
431
726
1360
2567
2118
4387
3931
3069
3139
3728
1437
817
704
2523
4386
341
3477
3008
148
316
2473
3135
3893
3963
356
3882
1826
2671
126
4818
4874
2456
2604
3268
2718
4058
521
1110
1399
14
2495
3292
2182
3899
492
4683
2197
3019
4228
2887
2130
3306
4334
459
2820
3214
2287
1892
3694
2836
4332
3625
1128
1797
1724
3843
4579
1982
377
969
3861
1680
4850
2582
581
313
1199
2672
154
4558
2627
2515
1737
2672
1865
3102
4781
2592
4666
1073
4407
3245
4960
2954
1276
673
1711
2608
241
823
174
2250
3421
3411
711
1888
3665
1421
220
259
4517
1914
398
1870
4573
3406
1852
4708
179
4522
2210
4137
1879
247
2180
3380
2100
144
3043
3575
4456
4684
3728
1417
2364
2634
4769
4221
433
2003
2407
3224
4832
3462
287
1711
1605
3856
2769
2405
3857
4177
4450
2459
4046
2686
1576
4777
2491
2842
368
4342
4404
3891
3491
524
381
131
4616
4590
4872
4965
995
1436
842
2425
1219
4579
2976
15
1740
4456
2495
3597
2210
2769
4950
1689
453
4855
3111
809
1928
974
2474
1740
1904
4822
2376
3852
4962
2541
3625
2149
2402
4001
2109
4266
3529
4914
4799
1827
3569
1076
3125
4627
2881
2412
358
2593
4823
3925
2566
4049
1964
202
1622
2823
531
671
273
3848
990
4755
3963
4857
91
2895
3863
2482
162
558
1691
962
4479
3363
2573
4128
2548
2253
2631
1526
4640
4770
111
4298
4134
376
1085
2969
2914
2064
4469
3625
584
2517
2968
107
922
4513
2631
3827
1605
4692
3523
4792
2131
2984
2028
1999
3232
4876
1842
4498
1985
380
306
2119
4578
3351
4037
317
1373
3846
4931
4810
1450
653
1436
4735
2751
1043
1739
2222
1806
3185
1211
791
967
2264
2492
1748
1075
922
4193
2584
1207
4999
2045
4932
4259
584
775
3267
4069
25
4830
369
4776
3218
4445
1868
990
2810
2063
775
3757
3977
4801
3378
2176
1154
1459
4102
2770
1376
168
2737
2325
1621
506
4508
2809
3727
2807
3084
3475
1262
2995
1536
4420
4768
750
3321
1031
2675
4591
440
2267
1636
4411
2268
3002
3369
3117
51
2304
1467
181
929
1305
2732
3607
3471
2071
2403
3335
3936
4348
4776
764
1057
868
3392
1404
2601
183
3024
1897
1776
3236
4916
1861
4478
1931
4099
4804
4717
3276
1411
3302
904
4062
854
4174
3758
389
884
1420
2186
4273
1524
2231
3361
280
2568
103
3772
903
1290
4243
4683
1172
4598
394
186
854
769
583
3044
3311
3290
3887
4666
1281
786
1339
2673
265
847
3239
4755
3055
4938
2077
404
4900
2527
4348
4206
3314
1242
4617
4451
2252
1975
11
2314
1559
4630
1475
2904
4673
4348
694
3656
4925
1139
2705
3092
875
2907
2987
4872
1401
4278
2423
49
775
8
4074
79
2122
4037
2163
4346
2220
2481
4895
2785
912
1960
4698
4603
327
3423
4937
584
2658
3608
1751
3624
3808
2391
4410
1375
2281
2788
1319
3801
1695
4394
2063
1224
14
1978
4427
4965
4032
1366
4951
3162
2121
3691
681
3681
3744
4831
3173
2836
4993
3401
4336
1959
321
729
832
4423
1495
4939
1255
640
4362
3453
2830
3630
4297
380
622
3109
444
609
3230
2717
3964
145
3413
1121
1588
1656
253
566
3444
3372
1976
340
1561
2961
3155
1371
4259
1591
1448
1670
2922
3176
2160
1061
969
3090
3998
3636
1306
1606
183
3948
402
3829
3648
1573
3428
180
833
2487
3815
3892
26
3246
1878
2740
1569
4793
1129
2832
4226
2212
2916
1086
3089
3804
4439
3549
4481
188
4226
3886
4790
3674
2799
733
4574
3330
572
1593
2782
2205
202
3565
4688
3075
2644
18
189
2819
4608
1308
1592
2047
2786
4619
1689
4672
528
461
451
1967
4598
123
2306
1618
4694
3936
2849
4697
3551
4406
4413
816
383
4218
3632
3299
3983
2832
1793
4138
4682
1707
4533
3232
2813
1488
3137
4002
488
669
728
1041
3622
536
2066
4545
190
2606
450
3097
562
4561
2288
655
466
119
1244
4906
2236
2278
2428
3439
1192
6
2822
1946
2657
3358
839
4419
4879
70
1623
2711
1213
2851
2435
2321
1229
1578
3316
4944
4619
346
1175
2626
1861
4649
281
3596
4495
2442
3319
1595
4288
3281
3234
3340
1602
4982
724
389
2948
2956
2580
3211
2628
2882
4703
2379
1737
230
2988
2223
4180
2754
1597
1210
1515
385
2339
4481
4866
4239
2566
1966
2397
1439
999
2685
4945
1347
1775
4634
2659
882
4137
3484
2603
1317
4105
4266
3181
1038
1329
2305
4475
1462
3818
1371
3813
1624
3309
3716
2340
3213
868
3542
679
153
140
4174
4122
334
3184
625
4554
1610
3485
98
375
2350
842
3064
4478
4169
2009
4643
3649
3920
2804
356
4655
1446
325
739
4027
3966
3687
2618
3909
2954
1565
4826
1817
625
3237
645
2180
2278
1048
3694
3235
2330
1047
4004
3321
1848
404
1217
4622
1512
1009
4701
3094
2522
4339
2782
2884
3391
1143
2444
3119
1520
2400
3730
3151
2679
789
4630
1570
775
3753
730
3472
1709
2740
2977
2268
2841
2426
4440
56
1813
1014
881
2047
3737
1997
4473
1664
1612
3874
4984
56
600
4162
3263
2294
4441
1726
192
4346
1647
141
2493
353
2281
1579
3093
4114
371
819
460
2879
3103
2959
4695
694
1439
4371
2503
3957
265
621
4280
4877
2734
894
580
964
3330
2076
2187
1870
3869
2984
394
4729
1449
2858
4603
1320
4378
3152
125
1629
2639
200
2695
126
4567
954
4445
3855
4179
4489
815
3253
3567
4729
4180
4883
1343
621
4219
3994
1778
3737
4812
1456
2138
2248
3463
2166
2523
908
987
3954
500
2021
599
4444
1821
1373
308
3269
3750
428
2113
3593
4553
3460
4231
1475
1078
2690
670
27
2461
3079
124
2845
4860
2986
750
788
2433
3768
728
1305
1834
1304
2548
4736
1283
4098
85
2452
884
149
3780
1976
767
4071
4201
3968
2129
1625
4585
1718
2274
3903
3418
4160
1807
1306
4411
3674
4442
2946
3190
3145
4118
1932
1152
4573
583
3345
3302
570
4976
3300
459
1085
4797
4637
4905
528
2966
4713
1773
2587
2314
4175
3898
1809
4332
271
1838
1262
3029
1496
2441
576
2337
89
1313
4988
3023
2622
1652
2227
3686
4374
1565
2285
2344
1808
740
4575
1448
4487
2268
4735
14
1652
3650
3879
3484
896
3281
4293
2209
2562
3599
1297
4269
1425
1283
286
667
1031
2226
1625
522
4899
2054
1865
1867
4467
105
4840
2987
4187
2667
1608
1720
499
3397
1383
2880
3439
1780
3350
1315
2460
3645
3764
3374
3285
3422
2689
805
1356
1183
2093
3683
2997
2539
2061
241
682
3567
1403
1075
1213
3263
4609
4483
3117
271
3505
28
395
4476
4603
3964
413
342
1327
1264
2777
3246
2424
4024
4356
227
3459
4052
2309
2647
783
3606
4555
2207
317
2937
1454
3310
168
2985
542
424
1272
2710
4782
564
3198
2008
1695
1887
4156
1246
1398
2350
2398
2581
4472
2626
4612
3390
3183
4195
1376
2097
4631
309
2196
1205
1163
947
4491
365
2866
4598
3494
426
3947
1114
871
3853
2615
4563
3071
4682
2018
3092
3264
3396
3744
2461
229
846
223
1456
2440
3122
2156
2988
15
2298
2725
1111
1947
3956
4094
2283
3354
3178
1463
109
592
112
1367
2588
891
1147
321
2010
2468
142
1798
893
2117
3057
1225
2823
1180
4471
3807
2385
4025
3596
678
3695
1777
1921
2909
2972
1422
4740
448
1429
2004
4521
201
3269
1998
4641
1952
1031
3046
703
3630
224
4099
4337
793
4543
964
3718
3826
973
3941
3175
3421
1890
1219
4753
1019
2469
204
1585
2662
1900
1042
2969
3161
4819
3529
1871
2950
2857
1372
2482
772
3864
3996
2368
4236
4566
1220
3619
2179
4725
1111
2913
2002
2945
2234
3393
1083
2471
1211
3292
1761
354
2364
1168
215
3789
1155
4317
1270
2639
4795
4870
4033
858
422
4940
1181
2041
526
4702
1680
3488
4592
2844
948
466
804
4680
4812
4864
2006
4584
4140
4235
207
4927
681
1641
2430
215
3072
209
3547
1643
940
531
3723
1650
3008
2905
4304
1937
4528
4058
3557
669
659
291
3415
1600
3884
3731
2269
959
2317
1535
3538
2379
812
3873
2299
2473
2606
3582
4437
3616
4951
1364
3275
3242
3526
2510
1177
1014
3291
973
764
143
2361
4461
1899
86
2249
2190
760
4901
3466
2974
914
2624
2490
4184
4250
2287
1246
2221
4382
2054
4963
3085
4607
915
3571
4844
3085
4992
3796
2969
569
4071
353
1696
666
4683
2883
1446
4713
1182
1119
4980
2548
1618
3204
1276
3639
3853
4579
2262
3973
182
809
4870
707
3554
4954
4905
2019
3264
2801
1664
792
3005
4339
4598
2466
3287
2183
436
2132
3497
4625
2443
2440
1926
865
4658
2208
3991
4173
354
4139
1610
4716
2661
2022
4694
3432
3285
1757
477
3889
4722
1590
4474
1928
1100
4847
3760
738
1041
1023
2184
3970
3029
1003
1981
466
3969
1350
1696
696
4755
1862
3349
476
947
535
165
4074
4212
4982
824
983
3056
2148
4333
1559
596
1266
2217
1565
3768
3198
4045
4506
3621
1539
1304
2917
4398
4474
4811
4584
2664
2994
1949
1087
1725
4398
2123
3388
3283
3280
820
741
1988
1089
2600
4052
4999
384
3441
3645
3015
1279
3140
4885
4150
3712
4309
330
4331
4033
3324
1782
2317
1505
3710
635
832
4285
2494
288
596
4853
844
138
107
4805
3844
4180
2495
740
1002
914
819
4676
1463
902
2151
455
4152
4833
1101
3495
2090
1374
2282
3039
874
3391
4668
753
1137
1694
4240
4444
4363
1880
4077
2984
1894
2422
283
1523
1369
2242
1644
4196
4351
2728
1138
2688
2466
4630
2596
4454
2999
785
4199
652
1314
968
4870
3011
1405
3467
2191
2295
4185
3380
4191
2794
2972
364
834
4810
364
3876
3331
4956
4324
1332
4421
4254
4132
1849
3140
2103
2629
1270
2701
4569
3752
4636
2491
1816
3993
4558
1175
1056
296
1631
933
1474
3928
4666
1742
1870
1551
1670
3119
3291
2069
2130
4855
1817
581
3396
169
401
3481
1508
3767
4741
2878
4510
4502
1681
4189
3393
1472
1419
4375
2833
3035
453
2428
603
1510
3033
4897
3162
267
2141
4747
4439
1467
3578
2546
114
3351
4603
2915
1292
4227
800
4696
3155
4715
2820
1371
2769
4091
1699
443
1083
4120
4640
4781
1871
2712
1533
3318
155
3853
2217
2761
2048
4790
1506